2222222222222222222222222222
2000000000000000000000000002
2000000000000000000000000002
2000001111000000001111000002
2000001111000000001111000002
2000001111000000001111000002
2000001111000000001111000002
2000000000000000000000000002
2000000000000110000000000002
2000000000000110000000000002
2000000000000000000000000002
2011100000000000000000111002
2001110000000000000001110002
2000011111111111111111000002
2000000111111111111100000002
2000000000000000000000000002
2222222222222222222222222222
2000000000000000000000000002
2000000000000000000000000002
2000000000000000000000000002
2000000000000000000000000002
2000000000000000000000000002
2000000000000000000000000002
2000000000000000000000000002
2000000000000000000000000002
2000000000000000000000000002
2000000000000000000000000002
2000000000000000000000000002
2222222222222222222222222222


